5.014345028468727939e-04,3.249946333805508927e-03,-5.428025532614482417e-03,3.646887614237825665e-03,-6.425335333240622497e-04,1.085233735364728213e-03,-1.303397342946199409e-03,1.449851427167699698e-03
3.249946333805508927e-03,2.106386998232015126e-02,-3.518064987424737722e-02,2.363656462489647364e-02,-4.164451167835427417e-03,7.033723007783752347e-03,-8.447706314883195178e-03,9.396918846897289040e-03
-5.428025532614482417e-03,-3.518064987424737722e-02,5.875834434096019465e-02,-3.947753689120096082e-02,6.955421704415646299e-03,-1.174764877759761593e-02,1.410926854152746296e-02,-1.569463313849206107e-02
3.646887614237825665e-03,2.363656462489647364e-02,-3.947753689120096082e-02,2.652348251939641230e-02,-4.673088052593714695e-03,7.892806429523422512e-03,-9.479490540507449700e-03,1.054463779856327707e-02
-6.425335333240622497e-04,-4.164451167835427417e-03,6.955421704415646299e-03,-4.673088052593714695e-03,8.233365257116721445e-04,-1.390608469316498416e-03,1.670161297903672952e-03,-1.857826206621207045e-03
1.085233735364728213e-03,7.033723007783752347e-03,-1.174764877759761593e-02,7.892806429523422512e-03,-1.390608469316498416e-03,2.348726012444610212e-03,-2.820888389449180932e-03,3.137852842387225949e-03
-1.303397342946199409e-03,-8.447706314883195178e-03,1.410926854152746296e-02,-9.479490540507449700e-03,1.670161297903672952e-03,-2.820888389449180932e-03,3.387969164375596691e-03,-3.768652709592699209e-03
1.449851427167699698e-03,9.396918846897289040e-03,-1.569463313849206107e-02,1.054463779856327707e-02,-1.857826206621207045e-03,3.137852842387225949e-03,-3.768652709592699209e-03,4.192111131016731419e-03
