7.173374203293840035e-04,-5.595359975770054436e-03,4.977037178022289529e-04,4.453886911535018473e-04,-4.562422937305600328e-03,-2.344178206150830928e-03,2.602982382917934118e-03,-1.533744369827753625e-04
-5.595359975770054436e-03,4.364480699204784098e-02,-3.882177875376720440e-03,-3.474111325457687055e-03,3.558771363720713427e-02,1.828500861525669818e-02,-2.030372740951649421e-02,1.196347997021582647e-03
4.977037178022289529e-04,-3.882177875376720440e-03,3.453172575333080343e-04,3.090199969665326620e-04,-3.165504536262023043e-03,-1.626439908650667001e-03,1.806003663878419071e-03,-1.064143948702686999e-04
4.453886911535018473e-04,-3.474111325457687055e-03,3.090199969665326620e-04,2.765380427475012861e-04,-2.832769520935053947e-03,-1.455480271179315430e-03,1.616169579012205568e-03,-9.522888087003283019e-05
-4.562422937305600328e-03,3.558771363720713427e-02,-3.165504536262023043e-03,-2.832769520935053947e-03,2.901800807950907085e-02,1.490948626653757977e-02,-1.655553745373277916e-02,9.754949755238395866e-04
-2.344178206150830928e-03,1.828500861525669818e-02,-1.626439908650667001e-03,-1.455480271179315430e-03,1.490948626653757977e-02,7.660511366700035844e-03,-8.506254379185954756e-03,5.012104518269593989e-04
2.602982382917934118e-03,-2.030372740951649421e-02,1.806003663878419071e-03,1.616169579012205568e-03,-1.655553745373277916e-02,-8.506254379185954756e-03,9.445369910676027977e-03,-5.565455616030792318e-04
-1.533744369827753625e-04,1.196347997021582647e-03,-1.064143948702686999e-04,-9.522888087003283019e-05,9.754949755238395866e-04,5.012104518269593989e-04,-5.565455616030792318e-04,3.279310022469176194e-05
