1.657645409813839890e-03,8.085201366087599664e-04,-7.575368987297058203e-03,6.948440469231632888e-03,-1.410071970578289768e-03,1.169755322510234417e-03,3.391496255889478472e-04,-4.361303847991482990e-03
8.085201366087599664e-04,3.943574466720608488e-04,-3.694902620433778047e-03,3.389116878761130013e-03,-6.877656557491247180e-04,5.705506904887532689e-04,1.654209639700813281e-04,-2.127235391896262293e-03
-7.575368987297058203e-03,-3.694902620433778047e-03,3.461911392747545752e-02,-3.175407727676118202e-02,6.443968904649660309e-03,-5.345732048849253376e-03,-1.549899357564326003e-03,1.993097300463333305e-02
6.948440469231632888e-03,3.389116878761130013e-03,-3.175407727676118202e-02,2.912614764811374130e-02,-5.910673710365907559e-03,4.903325629177844418e-03,1.421631532060678958e-03,-1.828150940882040248e-02
-1.410071970578289768e-03,-6.877656557491247180e-04,6.443968904649660309e-03,-5.910673710365907559e-03,1.199474236431442636e-03,-9.950494737542741122e-04,-2.884967907152129890e-04,3.709932338254819540e-03
1.169755322510234417e-03,5.705506904887532689e-04,-5.345732048849253376e-03,4.903325629177844418e-03,-9.950494737542741122e-04,8.254645453364428155e-04,2.393286750660254011e-04,-3.077653615826885219e-03
3.391496255889478472e-04,1.654209639700813281e-04,-1.549899357564326003e-03,1.421631532060678958e-03,-2.884967907152129890e-04,2.393286750660254011e-04,6.938906708042041069e-05,-8.923105981345319212e-04
-4.361303847991482990e-03,-2.127235391896262293e-03,1.993097300463333305e-02,-1.828150940882040248e-02,3.709932338254819540e-03,-3.077653615826885219e-03,-8.923105981345319212e-04,1.147469244139580173e-02
