4.169928717747978936e-02,9.804843885546631402e-03,1.910340243352489503e-02,1.510490625330878148e-02,-1.599574536879653369e-02,1.241912970447819030e-02,5.647456245418363413e-02,1.890006911398955242e-02
9.804843885546631402e-03,2.305434220272715735e-03,4.491824470434594221e-03,3.551649386455065470e-03,-3.761114320887159156e-03,2.920136918132395024e-03,1.327898642514132449e-02,4.444014265759183360e-03
1.910340243352489503e-02,4.491824470434594221e-03,8.751707984454350567e-03,6.919904929057445718e-03,-7.328018814895732001e-03,5.689488926010189025e-03,2.587229583152574411e-02,8.658556314626144126e-03
1.510490625330878148e-02,3.551649386455065470e-03,6.919904929057445718e-03,5.471513024914879952e-03,-5.794205383394574090e-03,4.498633013447184484e-03,2.045701567838243556e-02,6.846250654904430938e-03
-1.599574536879653369e-02,-3.761114320887159156e-03,-7.328018814895732001e-03,-5.794205383394574090e-03,6.135929106278778349e-03,-4.763948016890215409e-03,-2.166350510948746380e-02,-7.250020646954961206e-03
1.241912970447819030e-02,2.920136918132395024e-03,5.689488926010189025e-03,4.498633013447184484e-03,-4.763948016890215409e-03,3.698739068612877899e-03,1.681959006006561799e-02,5.628930987506259795e-03
5.647456245418363413e-02,1.327898642514132449e-02,2.587229583152574411e-02,2.045701567838243556e-02,-2.166350510948746380e-02,1.681959006006561799e-02,7.648514927406122044e-02,2.559691557851948365e-02
1.890006911398955242e-02,4.444014265759183360e-03,8.658556314626144126e-03,6.846250654904430938e-03,-7.250020646954961206e-03,5.628930987506259795e-03,2.559691557851948365e-02,8.566396135099853607e-03
