6.153904214872485878e-04,-6.793140410464854192e-04,-3.488514094782770025e-03,-3.200266779303260600e-03,6.073144609031446090e-04,2.681036993283262421e-03,3.701197720787269534e-03,2.170599366808270876e-03
-6.793140410464854192e-04,7.498777203058369254e-04,3.850883153571492152e-03,3.532694176521832593e-03,-6.703991908503103983e-04,-2.959529447502312356e-03,-4.085659270327364825e-03,-2.396070162736555712e-03
-3.488514094782770025e-03,3.850883153571492152e-03,1.977562562655229075e-02,1.814161445620716268e-02,-3.442733235440713271e-03,-1.519821403313226411e-02,-2.098128272022803387e-02,-1.230465444511978472e-02
-3.200266779303260600e-03,3.532694176521832593e-03,1.814161445620716268e-02,1.664261759869508153e-02,-3.158268679453398158e-03,-1.394242309289065070e-02,-1.924765107790011795e-02,-1.128795119687630959e-02
6.073144609031446090e-04,-6.703991908503103983e-04,-3.442733235440713271e-03,-3.158268679453398158e-03,5.993444836705499271e-04,2.645852907983473751e-03,3.652625747835830210e-03,2.142113913804534822e-03
2.681036993283262421e-03,-2.959529447502312356e-03,-1.519821403313226411e-02,-1.394242309289065070e-02,2.645852907983473751e-03,1.168032375606661497e-02,1.612480087828598030e-02,9.456528728455005153e-03
3.701197720787269534e-03,-4.085659270327364825e-03,-2.098128272022803387e-02,-1.924765107790011795e-02,3.652625747835830210e-03,1.612480087828598030e-02,2.226044489814135371e-02,1.305483015117019086e-02
2.170599366808270876e-03,-2.396070162736555712e-03,-1.230465444511978472e-02,-1.128795119687630959e-02,2.142113913804534822e-03,9.456528728455005153e-03,1.305483015117019086e-02,7.656117883346182269e-03
