8.242439273554432732e-07,-1.876166262093783383e-05,-3.882500764120682193e-05,3.568761054744896190e-05,1.296364429524540709e-04,-1.345727330892318549e-04,-7.086941149644300129e-05,2.653205085669413003e-05
-1.876166262093783383e-05,4.270580256881904694e-04,8.837452972893233838e-04,-8.123310183029378451e-04,-2.950819684963900194e-03,3.063180852661469625e-03,1.613148662079610333e-03,-6.039296988356179655e-04
-3.882500764120682193e-05,8.837452972893233838e-04,1.828804760717067960e-03,-1.681021486742008235e-03,-6.106366963911441341e-03,6.338884906621092795e-03,3.338217427582797388e-03,-1.249759983738186206e-03
3.568761054744896190e-05,-8.123310183029378451e-04,-1.681021486742008235e-03,1.545180382065667896e-03,5.612919592489385746e-03,-5.826648070314822785e-03,-3.068460528822673436e-03,1.148768546025923792e-03
1.296364429524540709e-04,-2.950819684963900194e-03,-6.106366963911441341e-03,5.612919592489385746e-03,2.038911878342259537e-02,-2.116549465162743948e-02,-1.114628584527108633e-02,4.172940294908834315e-03
-1.345727330892318549e-04,3.063180852661469625e-03,6.338884906621092795e-03,-5.826648070314822785e-03,-2.116549465162743948e-02,2.197143332218453454e-02,1.157071357274195786e-02,-4.331837311442031727e-03
-7.086941149644300129e-05,1.613148662079610333e-03,3.338217427582797388e-03,-3.068460528822673436e-03,-1.114628584527108633e-02,1.157071357274195786e-02,6.093430984643821713e-03,-2.281255302711805971e-03
2.653205085669413003e-05,-6.039296988356179655e-04,-1.249759983738186206e-03,1.148768546025923792e-03,4.172940294908834315e-03,-4.331837311442031727e-03,-2.281255302711805971e-03,8.540550913378287335e-04
